1,1,0.000529
15,1,0.000082
66,1,0.000102
129,1,0.000162
130,1,0.000181
2,2,0.000550
13,2,0.000107
16,2,0.000085
132,2,0.000166
133,2,0.000188
3,3,0.000530
14,3,0.000088
17,3,0.000097
135,3,0.000167
136,3,0.000175
4,4,-0.000034
47,4,-0.000005
121,4,-0.000007
167,4,-0.000011
168,4,-0.000013
5,5,-0.000103
122,5,-0.000018
123,5,-0.000018
170,5,-0.000033
171,5,-0.000033
6,6,-0.000176
102,6,-0.000036
124,6,-0.000025
173,6,-0.000051
174,6,-0.000061
7,7,-0.000529
120,7,-0.000102
127,7,-0.000082
193,7,-0.000181
194,7,-0.000162
8,8,-0.000550
125,8,-0.000107
128,8,-0.000085
196,8,-0.000166
197,8,-0.000188
9,9,-0.000530
71,9,-0.000097
126,9,-0.000088
199,9,-0.000167
200,9,-0.000175
10,10,0.000034
67,10,0.000007
101,10,0.000005
231,10,0.000011
232,10,0.000013
11,11,0.000103
68,11,0.000018
69,11,0.000018
234,11,0.000033
235,11,0.000033
12,12,0.000176
48,12,0.000036
70,12,0.000025
237,12,0.000051
238,12,0.000061
2,13,0.000107
13,13,0.000631
14,13,0.000114
133,13,0.000199
134,13,0.000206
3,14,0.000088
13,14,0.000114
14,14,0.000582
134,14,0.000201
135,14,0.000176
1,15,0.000082
15,15,0.000544
16,15,0.000106
129,15,0.000165
131,15,0.000188
2,16,0.000085
15,16,0.000106
16,16,0.000549
131,16,0.000188
132,16,0.000166
3,17,0.000097
17,17,0.000569
18,17,0.000095
136,17,0.000188
137,17,0.000186
17,18,0.000095
18,18,0.000551
19,18,0.000089
137,18,0.000185
138,18,0.000179
18,19,0.000089
19,19,0.000519
20,19,0.000084
138,19,0.000174
139,19,0.000170
19,20,0.000084
20,20,0.000496
21,20,0.000081
139,20,0.000166
140,20,0.000162
20,21,0.000081
21,21,0.000477
22,21,0.000078
140,21,0.000159
141,21,0.000156
21,22,0.000078
22,22,0.000458
23,22,0.000075
141,22,0.000153
142,22,0.000150
22,23,0.000075
23,23,0.000439
24,23,0.000072
142,23,0.000146
143,23,0.000143
23,24,0.000072
24,24,0.000419
25,24,0.000068
143,24,0.000140
144,24,0.000137
24,25,0.000068
25,25,0.000400
26,25,0.000065
144,25,0.000134
145,25,0.000131
25,26,0.000065
26,26,0.000381
27,26,0.000062
145,26,0.000127
146,26,0.000124
26,27,0.000062
27,27,0.000362
28,27,0.000059
146,27,0.000121
147,27,0.000118
27,28,0.000059
28,28,0.000343
29,28,0.000056
147,28,0.000115
148,28,0.000111
28,29,0.000056
29,29,0.000324
30,29,0.000052
148,29,0.000108
149,29,0.000105
29,30,0.000052
30,30,0.000305
31,30,0.000049
149,30,0.000102
150,30,0.000099
30,31,0.000049
31,31,0.000285
32,31,0.000046
150,31,0.000095
151,31,0.000092
31,32,0.000046
32,32,0.000266
33,32,0.000043
151,32,0.000089
152,32,0.000086
32,33,0.000043
33,33,0.000247
34,33,0.000040
152,33,0.000083
153,33,0.000079
33,34,0.000040
34,34,0.000228
35,34,0.000037
153,34,0.000076
154,34,0.000073
34,35,0.000037
35,35,0.000209
36,35,0.000033
154,35,0.000070
155,35,0.000067
35,36,0.000033
36,36,0.000190
37,36,0.000030
155,36,0.000064
156,36,0.000060
36,37,0.000030
37,37,0.000171
38,37,0.000027
156,37,0.000057
157,37,0.000054
37,38,0.000027
38,38,0.000152
39,38,0.000024
157,38,0.000051
158,38,0.000048
38,39,0.000024
39,39,0.000132
40,39,0.000021
158,39,0.000044
159,39,0.000041
39,40,0.000021
40,40,0.000113
41,40,0.000017
159,40,0.000038
160,40,0.000035
40,41,0.000017
41,41,0.000094
42,41,0.000014
160,41,0.000032
161,41,0.000028
41,42,0.000014
42,42,0.000075
43,42,0.000011
161,42,0.000025
162,42,0.000022
42,43,0.000011
43,43,0.000056
44,43,0.000008
162,43,0.000019
163,43,0.000016
43,44,0.000008
44,44,0.000037
45,44,0.000005
163,44,0.000012
164,44,0.000009
44,45,0.000005
45,45,0.000018
46,45,0.000001
164,45,0.000006
165,45,0.000003
45,46,0.000001
46,46,-0.000002
47,46,-0.000002
165,46,-0.000000
166,46,-0.000004
4,47,-0.000005
46,47,-0.000002
47,47,-0.000021
166,47,-0.000007
167,47,-0.000010
12,48,0.000036
48,48,0.000223
49,48,0.000039
238,48,0.000071
239,48,0.000074
48,49,0.000039
49,49,0.000241
50,49,0.000041
239,49,0.000078
240,49,0.000080
49,50,0.000041
50,50,0.000252
51,50,0.000043
240,50,0.000081
241,50,0.000084
50,51,0.000043
51,51,0.000269
52,51,0.000046
241,51,0.000087
242,51,0.000090
51,52,0.000046
52,52,0.000288
53,52,0.000050
242,52,0.000093
243,52,0.000096
52,53,0.000050
53,53,0.000308
54,53,0.000053
243,53,0.000100
244,53,0.000103
53,54,0.000053
54,54,0.000328
55,54,0.000056
244,54,0.000106
245,54,0.000109
54,55,0.000056
55,55,0.000347
56,55,0.000060
245,55,0.000113
246,55,0.000116
55,56,0.000060
56,56,0.000367
57,56,0.000063
246,56,0.000119
247,56,0.000123
56,57,0.000063
57,57,0.000387
58,57,0.000066
247,57,0.000126
248,57,0.000129
57,58,0.000066
58,58,0.000407
59,58,0.000070
248,58,0.000133
249,58,0.000136
58,59,0.000070
59,59,0.000427
60,59,0.000073
249,59,0.000139
250,59,0.000143
59,60,0.000073
60,60,0.000447
61,60,0.000076
250,60,0.000146
251,60,0.000149
60,61,0.000076
61,61,0.000467
62,61,0.000080
251,61,0.000153
252,61,0.000156
61,62,0.000080
62,62,0.000487
63,62,0.000083
252,62,0.000159
253,62,0.000163
62,63,0.000083
63,63,0.000509
64,63,0.000087
253,63,0.000167
254,63,0.000170
63,64,0.000087
64,64,0.000535
65,64,0.000091
254,64,0.000175
255,64,0.000179
64,65,0.000091
65,65,0.000572
66,65,0.000098
255,65,0.000187
256,65,0.000194
1,66,0.000102
65,66,0.000098
66,66,0.000596
130,66,0.000199
256,66,0.000195
10,67,0.000007
67,67,0.000057
68,67,0.000014
232,67,0.000016
233,67,0.000023
11,68,0.000018
67,68,0.000014
68,68,0.000090
233,68,0.000028
234,68,0.000032
11,69,0.000018
69,69,0.000129
70,69,0.000027
235,69,0.000037
236,69,0.000046
12,70,0.000025
69,70,0.000027
70,70,0.000152
236,70,0.000050
237,70,0.000048
9,71,-0.000097
71,71,-0.000570
72,71,-0.000095
200,71,-0.000189
201,71,-0.000187
71,72,-0.000095
72,72,-0.000552
73,72,-0.000089
201,72,-0.000186
202,72,-0.000180
72,73,-0.000089
73,73,-0.000520
74,73,-0.000084
202,73,-0.000174
203,73,-0.000170
73,74,-0.000084
74,74,-0.000496
75,74,-0.000081
203,74,-0.000166
204,74,-0.000162
74,75,-0.000081
75,75,-0.000477
76,75,-0.000078
204,75,-0.000159
205,75,-0.000156
75,76,-0.000078
76,76,-0.000458
77,76,-0.000075
205,76,-0.000153
206,76,-0.000150
76,77,-0.000075
77,77,-0.000439
78,77,-0.000072
206,77,-0.000146
207,77,-0.000143
77,78,-0.000072
78,78,-0.000419
79,78,-0.000068
207,78,-0.000140
208,78,-0.000137
78,79,-0.000068
79,79,-0.000400
80,79,-0.000065
208,79,-0.000134
209,79,-0.000131
79,80,-0.000065
80,80,-0.000381
81,80,-0.000062
209,80,-0.000127
210,80,-0.000124
80,81,-0.000062
81,81,-0.000362
82,81,-0.000059
210,81,-0.000121
211,81,-0.000118
81,82,-0.000059
82,82,-0.000343
83,82,-0.000056
211,82,-0.000115
212,82,-0.000111
82,83,-0.000056
83,83,-0.000324
84,83,-0.000052
212,83,-0.000108
213,83,-0.000105
83,84,-0.000052
84,84,-0.000305
85,84,-0.000049
213,84,-0.000102
214,84,-0.000099
84,85,-0.000049
85,85,-0.000285
86,85,-0.000046
214,85,-0.000095
215,85,-0.000092
85,86,-0.000046
86,86,-0.000266
87,86,-0.000043
215,86,-0.000089
216,86,-0.000086
86,87,-0.000043
87,87,-0.000247
88,87,-0.000040
216,87,-0.000083
217,87,-0.000079
87,88,-0.000040
88,88,-0.000228
89,88,-0.000037
217,88,-0.000076
218,88,-0.000073
88,89,-0.000037
89,89,-0.000209
90,89,-0.000033
218,89,-0.000070
219,89,-0.000067
89,90,-0.000033
90,90,-0.000190
91,90,-0.000030
219,90,-0.000064
220,90,-0.000060
90,91,-0.000030
91,91,-0.000171
92,91,-0.000027
220,91,-0.000057
221,91,-0.000054
91,92,-0.000027
92,92,-0.000152
93,92,-0.000024
221,92,-0.000051
222,92,-0.000048
92,93,-0.000024
93,93,-0.000132
94,93,-0.000021
222,93,-0.000044
223,93,-0.000041
93,94,-0.000021
94,94,-0.000113
95,94,-0.000017
223,94,-0.000038
224,94,-0.000035
94,95,-0.000017
95,95,-0.000094
96,95,-0.000014
224,95,-0.000032
225,95,-0.000028
95,96,-0.000014
96,96,-0.000075
97,96,-0.000011
225,96,-0.000025
226,96,-0.000022
96,97,-0.000011
97,97,-0.000056
98,97,-0.000008
226,97,-0.000019
227,97,-0.000016
97,98,-0.000008
98,98,-0.000037
99,98,-0.000005
227,98,-0.000012
228,98,-0.000009
98,99,-0.000005
99,99,-0.000018
100,99,-0.000001
228,99,-0.000006
229,99,-0.000003
99,100,-0.000001
100,100,0.000002
101,100,0.000002
229,100,0.000000
230,100,0.000004
10,101,0.000005
100,101,0.000002
101,101,0.000021
230,101,0.000007
231,101,0.000010
6,102,-0.000036
102,102,-0.000223
103,102,-0.000039
174,102,-0.000071
175,102,-0.000074
102,103,-0.000039
103,103,-0.000241
104,103,-0.000041
175,103,-0.000078
176,103,-0.000080
103,104,-0.000041
104,104,-0.000252
105,104,-0.000043
176,104,-0.000081
177,104,-0.000084
104,105,-0.000043
105,105,-0.000270
106,105,-0.000046
177,105,-0.000087
178,105,-0.000090
105,106,-0.000046
106,106,-0.000288
107,106,-0.000050
178,106,-0.000093
179,106,-0.000096
106,107,-0.000050
107,107,-0.000308
108,107,-0.000053
179,107,-0.000100
180,107,-0.000103
107,108,-0.000053
108,108,-0.000327
109,108,-0.000056
180,108,-0.000106
181,108,-0.000109
108,109,-0.000056
109,109,-0.000347
110,109,-0.000060
181,109,-0.000113
182,109,-0.000116
109,110,-0.000060
110,110,-0.000367
111,110,-0.000063
182,110,-0.000119
183,110,-0.000123
110,111,-0.000063
111,111,-0.000387
112,111,-0.000066
183,111,-0.000126
184,111,-0.000129
111,112,-0.000066
112,112,-0.000407
113,112,-0.000070
184,112,-0.000133
185,112,-0.000136
112,113,-0.000070
113,113,-0.000427
114,113,-0.000073
185,113,-0.000139
186,113,-0.000143
113,114,-0.000073
114,114,-0.000447
115,114,-0.000076
186,114,-0.000146
187,114,-0.000149
114,115,-0.000076
115,115,-0.000466
116,115,-0.000080
187,115,-0.000152
188,115,-0.000156
115,116,-0.000080
116,116,-0.000487
117,116,-0.000083
188,116,-0.000159
189,116,-0.000163
116,117,-0.000083
117,117,-0.000510
118,117,-0.000087
189,117,-0.000167
190,117,-0.000171
117,118,-0.000087
118,118,-0.000535
119,118,-0.000091
190,118,-0.000175
191,118,-0.000179
118,119,-0.000091
119,119,-0.000572
120,119,-0.000098
191,119,-0.000187
192,119,-0.000194
7,120,-0.000102
119,120,-0.000098
120,120,-0.000596
192,120,-0.000195
193,120,-0.000199
4,121,-0.000007
121,121,-0.000057
122,121,-0.000014
168,121,-0.000016
169,121,-0.000023
5,122,-0.000018
121,122,-0.000014
122,122,-0.000090
169,122,-0.000028
170,122,-0.000032
5,123,-0.000018
123,123,-0.000128
124,123,-0.000027
171,123,-0.000037
172,123,-0.000045
6,124,-0.000025
123,124,-0.000027
124,124,-0.000151
172,124,-0.000049
173,124,-0.000047
8,125,-0.000107
125,125,-0.000631
126,125,-0.000114
197,125,-0.000199
198,125,-0.000206
9,126,-0.000088
125,126,-0.000114
126,126,-0.000582
198,126,-0.000201
199,126,-0.000176
7,127,-0.000082
127,127,-0.000544
128,127,-0.000106
194,127,-0.000165
195,127,-0.000188
8,128,-0.000085
127,128,-0.000106
128,128,-0.000549
195,128,-0.000188
196,128,-0.000166
1,129,0.000162
15,129,0.000165
129,129,0.000865
130,129,0.000174
131,129,0.000176
360,129,0.000188
1,130,0.000181
66,130,0.000199
129,130,0.000174
130,130,0.001154
256,130,0.000192
257,130,0.000204
360,130,0.000205
15,131,0.000188
16,131,0.000188
129,131,0.000176
131,131,0.001097
132,131,0.000160
360,131,0.000201
365,131,0.000185
2,132,0.000166
16,132,0.000166
131,132,0.000160
132,132,0.000817
133,132,0.000164
365,132,0.000160
2,133,0.000188
13,133,0.000199
132,133,0.000164
133,133,0.001072
134,133,0.000176
365,133,0.000172
371,133,0.000173
13,134,0.000206
14,134,0.000201
133,134,0.000176
134,134,0.001152
135,134,0.000178
362,134,0.000199
371,134,0.000192
3,135,0.000167
14,135,0.000176
134,135,0.000178
135,135,0.000863
136,135,0.000166
362,135,0.000177
3,136,0.000175
17,136,0.000188
135,136,0.000166
136,136,0.001090
137,136,0.000182
258,136,0.000190
362,136,0.000188
17,137,0.000186
18,137,0.000185
136,137,0.000182
137,137,0.001090
138,137,0.000179
258,137,0.000180
259,137,0.000178
18,138,0.000179
19,138,0.000174
137,138,0.000179
138,138,0.001041
139,138,0.000169
259,138,0.000172
260,138,0.000168
19,139,0.000170
20,139,0.000166
138,139,0.000169
139,139,0.000989
140,139,0.000161
260,139,0.000163
261,139,0.000160
20,140,0.000162
21,140,0.000159
139,140,0.000161
140,140,0.000948
141,140,0.000155
261,140,0.000157
262,140,0.000154
21,141,0.000156
22,141,0.000153
140,141,0.000155
141,141,0.000910
142,141,0.000148
262,141,0.000150
263,141,0.000147
22,142,0.000150
23,142,0.000146
141,142,0.000148
142,142,0.000872
143,142,0.000142
263,142,0.000144
264,142,0.000141
23,143,0.000143
24,143,0.000140
142,143,0.000142
143,143,0.000833
144,143,0.000136
264,143,0.000138
265,143,0.000135
24,144,0.000137
25,144,0.000134
143,144,0.000136
144,144,0.000795
145,144,0.000129
265,144,0.000131
266,144,0.000128
25,145,0.000131
26,145,0.000127
144,145,0.000129
145,145,0.000757
146,145,0.000123
266,145,0.000125
267,145,0.000122
26,146,0.000124
27,146,0.000121
145,146,0.000123
146,146,0.000719
147,146,0.000117
267,146,0.000119
268,146,0.000115
27,147,0.000118
28,147,0.000115
146,147,0.000117
147,147,0.000680
148,147,0.000110
268,147,0.000112
269,147,0.000109
28,148,0.000111
29,148,0.000108
147,148,0.000110
148,148,0.000642
149,148,0.000104
269,148,0.000106
270,148,0.000103
29,149,0.000105
30,149,0.000102
148,149,0.000104
149,149,0.000604
150,149,0.000097
270,149,0.000099
271,149,0.000096
30,150,0.000099
31,150,0.000095
149,150,0.000097
150,150,0.000566
151,150,0.000091
271,150,0.000093
272,150,0.000090
31,151,0.000092
32,151,0.000089
150,151,0.000091
151,151,0.000527
152,151,0.000085
272,151,0.000087
273,151,0.000084
32,152,0.000086
33,152,0.000083
151,152,0.000085
152,152,0.000489
153,152,0.000078
273,152,0.000080
274,152,0.000077
33,153,0.000079
34,153,0.000076
152,153,0.000078
153,153,0.000451
154,153,0.000072
274,153,0.000074
275,153,0.000071
34,154,0.000073
35,154,0.000070
153,154,0.000072
154,154,0.000412
155,154,0.000066
275,154,0.000068
276,154,0.000064
35,155,0.000067
36,155,0.000064
154,155,0.000066
155,155,0.000374
156,155,0.000059
276,155,0.000061
277,155,0.000058
36,156,0.000060
37,156,0.000057
155,156,0.000059
156,156,0.000336
157,156,0.000053
277,156,0.000055
278,156,0.000052
37,157,0.000054
38,157,0.000051
156,157,0.000053
157,157,0.000298
158,157,0.000046
278,157,0.000048
279,157,0.000045
38,158,0.000048
39,158,0.000044
157,158,0.000046
158,158,0.000259
159,158,0.000040
279,158,0.000042
280,158,0.000039
39,159,0.000041
40,159,0.000038
158,159,0.000040
159,159,0.000221
160,159,0.000034
280,159,0.000036
281,159,0.000032
40,160,0.000035
41,160,0.000032
159,160,0.000034
160,160,0.000183
161,160,0.000027
281,160,0.000029
282,160,0.000026
41,161,0.000028
42,161,0.000025
160,161,0.000027
161,161,0.000145
162,161,0.000021
282,161,0.000023
283,161,0.000020
42,162,0.000022
43,162,0.000019
161,162,0.000021
162,162,0.000106
163,162,0.000015
283,162,0.000017
284,162,0.000013
43,163,0.000016
44,163,0.000012
162,163,0.000015
163,163,0.000068
164,163,0.000008
284,163,0.000010
285,163,0.000007
44,164,0.000009
45,164,0.000006
163,164,0.000008
164,164,0.000030
165,164,0.000002
285,164,0.000004
286,164,0.000001
45,165,0.000003
46,165,-0.000000
164,165,0.000002
165,165,-0.000010
166,165,-0.000005
286,165,-0.000003
287,165,-0.000006
46,166,-0.000004
47,166,-0.000007
165,166,-0.000005
166,166,-0.000050
167,166,-0.000011
287,166,-0.000010
288,166,-0.000013
4,167,-0.000011
47,167,-0.000010
166,167,-0.000011
167,167,-0.000086
168,167,-0.000015
288,167,-0.000018
363,167,-0.000021
4,168,-0.000013
121,168,-0.000016
167,168,-0.000015
168,168,-0.000086
169,168,-0.000021
363,168,-0.000022
121,169,-0.000023
122,169,-0.000028
168,169,-0.000021
169,169,-0.000158
170,169,-0.000029
363,169,-0.000027
367,169,-0.000031
5,170,-0.000033
122,170,-0.000032
169,170,-0.000029
170,170,-0.000191
171,170,-0.000031
367,170,-0.000033
372,170,-0.000034
5,171,-0.000033
123,171,-0.000037
170,171,-0.000031
171,171,-0.000171
172,171,-0.000036
372,171,-0.000033
123,172,-0.000045
124,172,-0.000049
171,172,-0.000036
172,172,-0.000270
173,172,-0.000047
358,172,-0.000050
372,172,-0.000043
6,173,-0.000051
124,173,-0.000047
172,173,-0.000047
173,173,-0.000253
174,173,-0.000054
358,173,-0.000053
6,174,-0.000061
102,174,-0.000071
173,174,-0.000054
174,174,-0.000383
175,174,-0.000068
289,174,-0.000067
358,174,-0.000062
102,175,-0.000074
103,175,-0.000078
174,175,-0.000068
175,175,-0.000432
176,175,-0.000076
289,175,-0.000067
290,175,-0.000071
103,176,-0.000080
104,176,-0.000081
175,176,-0.000076
176,176,-0.000467
177,176,-0.000080
290,176,-0.000073
291,176,-0.000076
104,177,-0.000084
105,177,-0.000087
176,177,-0.000080
177,177,-0.000499
178,177,-0.000086
291,177,-0.000079
292,177,-0.000082
105,178,-0.000090
106,178,-0.000093
177,178,-0.000086
178,178,-0.000534
179,178,-0.000092
292,178,-0.000085
293,178,-0.000088
106,179,-0.000096
107,179,-0.000100
178,179,-0.000092
179,179,-0.000571
180,179,-0.000098
293,179,-0.000091
294,179,-0.000094
107,180,-0.000103
108,180,-0.000106
179,180,-0.000098
180,180,-0.000610
181,180,-0.000105
294,180,-0.000097
295,180,-0.000100
108,181,-0.000109
109,181,-0.000113
180,181,-0.000105
181,181,-0.000650
182,181,-0.000112
295,181,-0.000104
296,181,-0.000107
109,182,-0.000116
110,182,-0.000119
181,182,-0.000112
182,182,-0.000689
183,182,-0.000118
296,182,-0.000110
297,182,-0.000114
110,183,-0.000123
111,183,-0.000126
182,183,-0.000118
183,183,-0.000729
184,183,-0.000125
297,183,-0.000117
298,183,-0.000120
111,184,-0.000129
112,184,-0.000133
183,184,-0.000125
184,184,-0.000769
185,184,-0.000131
298,184,-0.000124
299,184,-0.000127
112,185,-0.000136
113,185,-0.000139
184,185,-0.000131
185,185,-0.000808
186,185,-0.000138
299,185,-0.000130
300,185,-0.000134
113,186,-0.000143
114,186,-0.000146
185,186,-0.000138
186,186,-0.000848
187,186,-0.000145
300,186,-0.000137
301,186,-0.000140
114,187,-0.000149
115,187,-0.000152
186,187,-0.000145
187,187,-0.000888
188,187,-0.000151
301,187,-0.000143
302,187,-0.000147
115,188,-0.000156
116,188,-0.000159
187,188,-0.000151
188,188,-0.000930
189,188,-0.000159
302,188,-0.000150
303,188,-0.000154
116,189,-0.000163
117,189,-0.000167
188,189,-0.000159
189,189,-0.000973
190,189,-0.000166
303,189,-0.000158
304,189,-0.000161
117,190,-0.000171
118,190,-0.000175
189,190,-0.000166
190,190,-0.001023
191,190,-0.000175
304,190,-0.000166
305,190,-0.000171
118,191,-0.000179
119,191,-0.000187
190,191,-0.000175
191,191,-0.001083
192,191,-0.000187
305,191,-0.000175
306,191,-0.000180
119,192,-0.000194
120,192,-0.000195
191,192,-0.000187
192,192,-0.001145
193,192,-0.000192
306,192,-0.000187
307,192,-0.000190
7,193,-0.000181
120,193,-0.000199
192,193,-0.000192
193,193,-0.001154
194,193,-0.000174
307,193,-0.000204
359,193,-0.000205
7,194,-0.000162
127,194,-0.000165
193,194,-0.000174
194,194,-0.000865
195,194,-0.000176
359,194,-0.000188
127,195,-0.000188
128,195,-0.000188
194,195,-0.000176
195,195,-0.001097
196,195,-0.000160
359,195,-0.000201
368,195,-0.000185
8,196,-0.000166
128,196,-0.000166
195,196,-0.000160
196,196,-0.000817
197,196,-0.000164
368,196,-0.000160
8,197,-0.000188
125,197,-0.000199
196,197,-0.000164
197,197,-0.001072
198,197,-0.000176
368,197,-0.000172
369,197,-0.000173
125,198,-0.000206
126,198,-0.000201
197,198,-0.000176
198,198,-0.001152
199,198,-0.000178
361,198,-0.000199
369,198,-0.000193
9,199,-0.000167
126,199,-0.000176
198,199,-0.000178
199,199,-0.000864
200,199,-0.000166
361,199,-0.000177
9,200,-0.000175
71,200,-0.000189
199,200,-0.000166
200,200,-0.001093
201,200,-0.000182
308,200,-0.000191
361,200,-0.000188
71,201,-0.000187
72,201,-0.000186
200,201,-0.000182
201,201,-0.001094
202,201,-0.000179
308,201,-0.000181
309,201,-0.000179
72,202,-0.000180
73,202,-0.000174
201,202,-0.000179
202,202,-0.001043
203,202,-0.000169
309,202,-0.000173
310,202,-0.000168
73,203,-0.000170
74,203,-0.000166
202,203,-0.000169
203,203,-0.000989
204,203,-0.000161
310,203,-0.000163
311,203,-0.000160
74,204,-0.000162
75,204,-0.000159
203,204,-0.000161
204,204,-0.000948
205,204,-0.000155
311,204,-0.000157
312,204,-0.000154
75,205,-0.000156
76,205,-0.000153
204,205,-0.000155
205,205,-0.000910
206,205,-0.000148
312,205,-0.000150
313,205,-0.000147
76,206,-0.000150
77,206,-0.000146
205,206,-0.000148
206,206,-0.000872
207,206,-0.000142
313,206,-0.000144
314,206,-0.000141
77,207,-0.000143
78,207,-0.000140
206,207,-0.000142
207,207,-0.000833
208,207,-0.000136
314,207,-0.000138
315,207,-0.000135
78,208,-0.000137
79,208,-0.000134
207,208,-0.000136
208,208,-0.000795
209,208,-0.000129
315,208,-0.000131
316,208,-0.000128
79,209,-0.000131
80,209,-0.000127
208,209,-0.000129
209,209,-0.000757
210,209,-0.000123
316,209,-0.000125
317,209,-0.000122
80,210,-0.000124
81,210,-0.000121
209,210,-0.000123
210,210,-0.000719
211,210,-0.000117
317,210,-0.000119
318,210,-0.000115
81,211,-0.000118
82,211,-0.000115
210,211,-0.000117
211,211,-0.000680
212,211,-0.000110
318,211,-0.000112
319,211,-0.000109
82,212,-0.000111
83,212,-0.000108
211,212,-0.000110
212,212,-0.000642
213,212,-0.000104
319,212,-0.000106
320,212,-0.000103
83,213,-0.000105
84,213,-0.000102
212,213,-0.000104
213,213,-0.000604
214,213,-0.000097
320,213,-0.000099
321,213,-0.000096
84,214,-0.000099
85,214,-0.000095
213,214,-0.000097
214,214,-0.000566
215,214,-0.000091
321,214,-0.000093
322,214,-0.000090
85,215,-0.000092
86,215,-0.000089
214,215,-0.000091
215,215,-0.000527
216,215,-0.000085
322,215,-0.000087
323,215,-0.000084
86,216,-0.000086
87,216,-0.000083
215,216,-0.000085
216,216,-0.000489
217,216,-0.000078
323,216,-0.000080
324,216,-0.000077
87,217,-0.000079
88,217,-0.000076
216,217,-0.000078
217,217,-0.000451
218,217,-0.000072
324,217,-0.000074
325,217,-0.000071
88,218,-0.000073
89,218,-0.000070
217,218,-0.000072
218,218,-0.000412
219,218,-0.000066
325,218,-0.000068
326,218,-0.000064
89,219,-0.000067
90,219,-0.000064
218,219,-0.000066
219,219,-0.000374
220,219,-0.000059
326,219,-0.000061
327,219,-0.000058
90,220,-0.000060
91,220,-0.000057
219,220,-0.000059
220,220,-0.000336
221,220,-0.000053
327,220,-0.000055
328,220,-0.000052
91,221,-0.000054
92,221,-0.000051
220,221,-0.000053
221,221,-0.000298
222,221,-0.000046
328,221,-0.000048
329,221,-0.000045
92,222,-0.000048
93,222,-0.000044
221,222,-0.000046
222,222,-0.000259
223,222,-0.000040
329,222,-0.000042
330,222,-0.000039
93,223,-0.000041
94,223,-0.000038
222,223,-0.000040
223,223,-0.000221
224,223,-0.000034
330,223,-0.000036
331,223,-0.000032
94,224,-0.000035
95,224,-0.000032
223,224,-0.000034
224,224,-0.000183
225,224,-0.000027
331,224,-0.000029
332,224,-0.000026
95,225,-0.000028
96,225,-0.000025
224,225,-0.000027
225,225,-0.000145
226,225,-0.000021
332,225,-0.000023
333,225,-0.000020
96,226,-0.000022
97,226,-0.000019
225,226,-0.000021
226,226,-0.000106
227,226,-0.000015
333,226,-0.000017
334,226,-0.000013
97,227,-0.000016
98,227,-0.000012
226,227,-0.000015
227,227,-0.000068
228,227,-0.000008
334,227,-0.000010
335,227,-0.000007
98,228,-0.000009
99,228,-0.000006
227,228,-0.000008
228,228,-0.000030
229,228,-0.000002
335,228,-0.000004
336,228,-0.000001
99,229,-0.000003
100,229,0.000000
228,229,-0.000002
229,229,0.000010
230,229,0.000005
336,229,0.000003
337,229,0.000006
100,230,0.000004
101,230,0.000007
229,230,0.000005
230,230,0.000049
231,230,0.000011
337,230,0.000010
338,230,0.000013
10,231,0.000011
101,231,0.000010
230,231,0.000011
231,231,0.000085
232,231,0.000015
338,231,0.000017
364,231,0.000020
10,232,0.000013
67,232,0.000016
231,232,0.000015
232,232,0.000085
233,232,0.000021
364,232,0.000021
67,233,0.000023
68,233,0.000028
232,233,0.000021
233,233,0.000161
234,233,0.000029
364,233,0.000028
366,233,0.000032
11,234,0.000033
68,234,0.000032
233,234,0.000029
234,234,0.000189
235,234,0.000031
366,234,0.000032
370,234,0.000032
11,235,0.000033
69,235,0.000037
234,235,0.000031
235,235,0.000173
236,235,0.000037
370,235,0.000034
69,236,0.000046
70,236,0.000050
235,236,0.000037
236,236,0.000280
237,236,0.000048
357,236,0.000054
370,236,0.000046
12,237,0.000051
70,237,0.000048
236,237,0.000048
237,237,0.000256
238,237,0.000055
357,237,0.000054
12,238,0.000061
48,238,0.000071
237,238,0.000055
238,238,0.000384
239,238,0.000068
339,238,0.000066
357,238,0.000062
48,239,0.000074
49,239,0.000078
238,239,0.000068
239,239,0.000435
240,239,0.000076
339,239,0.000067
340,239,0.000072
49,240,0.000080
50,240,0.000081
239,240,0.000076
240,240,0.000468
241,240,0.000080
340,240,0.000074
341,240,0.000076
50,241,0.000084
51,241,0.000087
240,241,0.000080
241,241,0.000497
242,241,0.000086
341,241,0.000079
342,241,0.000082
51,242,0.000090
52,242,0.000093
241,242,0.000086
242,242,0.000533
243,242,0.000092
342,242,0.000085
343,242,0.000088
52,243,0.000096
53,243,0.000100
242,243,0.000092
243,243,0.000571
244,243,0.000098
343,243,0.000091
344,243,0.000094
53,244,0.000103
54,244,0.000106
243,244,0.000098
244,244,0.000610
245,244,0.000105
344,244,0.000097
345,244,0.000100
54,245,0.000109
55,245,0.000113
244,245,0.000105
245,245,0.000650
246,245,0.000112
345,245,0.000104
346,245,0.000107
55,246,0.000116
56,246,0.000119
245,246,0.000112
246,246,0.000689
247,246,0.000118
346,246,0.000110
347,246,0.000114
56,247,0.000123
57,247,0.000126
246,247,0.000118
247,247,0.000729
248,247,0.000125
347,247,0.000117
348,247,0.000120
57,248,0.000129
58,248,0.000133
247,248,0.000125
248,248,0.000769
249,248,0.000131
348,248,0.000124
349,248,0.000127
58,249,0.000136
59,249,0.000139
248,249,0.000131
249,249,0.000808
250,249,0.000138
349,249,0.000130
350,249,0.000134
59,250,0.000143
60,250,0.000146
249,250,0.000138
250,250,0.000848
251,250,0.000145
350,250,0.000137
351,250,0.000140
60,251,0.000149
61,251,0.000153
250,251,0.000145
251,251,0.000889
252,251,0.000152
351,251,0.000144
352,251,0.000147
61,252,0.000156
62,252,0.000159
251,252,0.000152
252,252,0.000930
253,252,0.000158
352,252,0.000150
353,252,0.000154
62,253,0.000163
63,253,0.000167
252,253,0.000158
253,253,0.000973
254,253,0.000166
353,253,0.000158
354,253,0.000161
63,254,0.000170
64,254,0.000175
253,254,0.000166
254,254,0.001022
255,254,0.000175
354,254,0.000166
355,254,0.000170
64,255,0.000179
65,255,0.000187
254,255,0.000175
255,255,0.001083
256,255,0.000187
355,255,0.000175
356,255,0.000180
65,256,0.000194
66,256,0.000195
130,256,0.000192
255,256,0.000187
256,256,0.001145
257,256,0.000190
356,256,0.000187
130,257,0.000204
256,257,0.000190
257,257,0.001232
356,257,0.000194
360,257,0.000228
373,257,0.000198
374,257,0.000218
136,258,0.000190
137,258,0.000180
258,258,0.001144
259,258,0.000181
362,258,0.000208
375,258,0.000184
376,258,0.000201
137,259,0.000178
138,259,0.000172
258,259,0.000181
259,259,0.001048
260,259,0.000170
375,259,0.000176
377,259,0.000170
138,260,0.000168
139,260,0.000163
259,260,0.000170
260,260,0.000991
261,260,0.000161
377,260,0.000166
378,260,0.000162
139,261,0.000160
140,261,0.000157
260,261,0.000161
261,261,0.000942
262,261,0.000153
378,261,0.000159
379,261,0.000153
140,262,0.000154
141,262,0.000150
261,262,0.000153
262,262,0.000896
263,262,0.000146
379,262,0.000148
380,262,0.000145
141,263,0.000147
142,263,0.000144
262,263,0.000146
263,263,0.000858
264,263,0.000140
380,263,0.000142
381,263,0.000139
142,264,0.000141
143,264,0.000138
263,264,0.000140
264,264,0.000819
265,264,0.000133
381,264,0.000135
382,264,0.000132
143,265,0.000135
144,265,0.000131
264,265,0.000133
265,265,0.000781
266,265,0.000127
382,265,0.000129
383,265,0.000126
144,266,0.000128
145,266,0.000125
265,266,0.000127
266,266,0.000743
267,266,0.000121
383,266,0.000123
384,266,0.000119
145,267,0.000122
146,267,0.000119
266,267,0.000121
267,267,0.000705
268,267,0.000114
384,267,0.000116
385,267,0.000113
146,268,0.000115
147,268,0.000112
267,268,0.000114
268,268,0.000666
269,268,0.000108
385,268,0.000110
386,268,0.000107
147,269,0.000109
148,269,0.000106
268,269,0.000108
269,269,0.000628
270,269,0.000101
386,269,0.000104
387,269,0.000100
148,270,0.000103
149,270,0.000099
269,270,0.000101
270,270,0.000590
271,270,0.000095
387,270,0.000097
388,270,0.000094
149,271,0.000096
150,271,0.000093
270,271,0.000095
271,271,0.000552
272,271,0.000089
388,271,0.000091
389,271,0.000088
150,272,0.000090
151,272,0.000087
271,272,0.000089
272,272,0.000513
273,272,0.000082
389,272,0.000084
390,272,0.000081
151,273,0.000084
152,273,0.000080
272,273,0.000082
273,273,0.000475
274,273,0.000076
390,273,0.000078
391,273,0.000075
152,274,0.000077
153,274,0.000074
273,274,0.000076
274,274,0.000437
275,274,0.000070
391,274,0.000072
392,274,0.000068
153,275,0.000071
154,275,0.000068
274,275,0.000070
275,275,0.000398
276,275,0.000063
392,275,0.000065
393,275,0.000062
154,276,0.000064
155,276,0.000061
275,276,0.000063
276,276,0.000360
277,276,0.000057
393,276,0.000059
394,276,0.000056
155,277,0.000058
156,277,0.000055
276,277,0.000057
277,277,0.000322
278,277,0.000050
394,277,0.000052
395,277,0.000049
156,278,0.000052
157,278,0.000048
277,278,0.000050
278,278,0.000284
279,278,0.000044
395,278,0.000046
396,278,0.000043
157,279,0.000045
158,279,0.000042
278,279,0.000044
279,279,0.000245
280,279,0.000038
396,279,0.000040
397,279,0.000037
158,280,0.000039
159,280,0.000036
279,280,0.000038
280,280,0.000207
281,280,0.000031
397,280,0.000033
398,280,0.000030
159,281,0.000032
160,281,0.000029
280,281,0.000031
281,281,0.000169
282,281,0.000025
398,281,0.000027
399,281,0.000024
160,282,0.000026
161,282,0.000023
281,282,0.000025
282,282,0.000131
283,282,0.000019
399,282,0.000021
400,282,0.000017
161,283,0.000020
162,283,0.000017
282,283,0.000019
283,283,0.000092
284,283,0.000012
400,283,0.000014
401,283,0.000011
162,284,0.000013
163,284,0.000010
283,284,0.000012
284,284,0.000054
285,284,0.000006
401,284,0.000008
402,284,0.000005
163,285,0.000007
164,285,0.000004
284,285,0.000006
285,285,0.000016
286,285,-0.000001
402,285,0.000001
403,285,-0.000002
164,286,0.000001
165,286,-0.000003
285,286,-0.000001
286,286,-0.000024
287,286,-0.000007
403,286,-0.000005
404,286,-0.000008
165,287,-0.000006
166,287,-0.000010
286,287,-0.000007
287,287,-0.000066
288,287,-0.000015
404,287,-0.000012
405,287,-0.000016
166,288,-0.000013
167,288,-0.000018
287,288,-0.000015
288,288,-0.000116
363,288,-0.000025
405,288,-0.000020
406,288,-0.000026
174,289,-0.000067
175,289,-0.000067
289,289,-0.000402
290,289,-0.000068
358,289,-0.000069
407,289,-0.000065
408,289,-0.000066
175,290,-0.000071
176,290,-0.000073
289,290,-0.000068
290,290,-0.000422
291,290,-0.000072
407,290,-0.000068
409,290,-0.000069
176,291,-0.000076
177,291,-0.000079
290,291,-0.000072
291,291,-0.000449
292,291,-0.000077
409,291,-0.000071
410,291,-0.000073
177,292,-0.000082
178,292,-0.000085
291,292,-0.000077
292,292,-0.000482
293,292,-0.000084
410,292,-0.000076
411,292,-0.000079
178,293,-0.000088
179,293,-0.000091
292,293,-0.000084
293,293,-0.000521
294,293,-0.000090
411,293,-0.000082
412,293,-0.000086
179,294,-0.000094
180,294,-0.000097
293,294,-0.000090
294,294,-0.000559
295,294,-0.000096
412,294,-0.000089
413,294,-0.000092
180,295,-0.000100
181,295,-0.000104
294,295,-0.000096
295,295,-0.000596
296,295,-0.000103
413,295,-0.000095
414,295,-0.000098
181,296,-0.000107
182,296,-0.000110
295,296,-0.000103
296,296,-0.000635
297,296,-0.000109
414,296,-0.000101
415,296,-0.000105
182,297,-0.000114
183,297,-0.000117
296,297,-0.000109
297,297,-0.000675
298,297,-0.000116
415,297,-0.000108
416,297,-0.000111
183,298,-0.000120
184,298,-0.000124
297,298,-0.000116
298,298,-0.000715
299,298,-0.000122
416,298,-0.000115
417,298,-0.000118
184,299,-0.000127
185,299,-0.000130
298,299,-0.000122
299,299,-0.000754
300,299,-0.000129
417,299,-0.000121
418,299,-0.000125
185,300,-0.000134
186,300,-0.000137
299,300,-0.000129
300,300,-0.000794
301,300,-0.000136
418,300,-0.000128
419,300,-0.000131
186,301,-0.000140
187,301,-0.000143
300,301,-0.000136
301,301,-0.000834
302,301,-0.000142
419,301,-0.000134
420,301,-0.000138
187,302,-0.000147
188,302,-0.000150
301,302,-0.000142
302,302,-0.000875
303,302,-0.000149
420,302,-0.000141
421,302,-0.000145
188,303,-0.000154
189,303,-0.000158
302,303,-0.000149
303,303,-0.000919
304,303,-0.000157
421,303,-0.000148
422,303,-0.000152
189,304,-0.000161
190,304,-0.000166
303,304,-0.000157
304,304,-0.000965
305,304,-0.000165
422,304,-0.000156
423,304,-0.000160
190,305,-0.000171
191,305,-0.000175
304,305,-0.000165
305,305,-0.001028
306,305,-0.000177
423,305,-0.000167
424,305,-0.000173
191,306,-0.000180
192,306,-0.000187
305,306,-0.000177
306,306,-0.001107
307,306,-0.000194
424,306,-0.000180
425,306,-0.000189
192,307,-0.000190
193,307,-0.000204
306,307,-0.000194
307,307,-0.001232
359,307,-0.000228
425,307,-0.000198
426,307,-0.000218
200,308,-0.000191
201,308,-0.000181
308,308,-0.001146
309,308,-0.000182
361,308,-0.000209
427,308,-0.000184
428,308,-0.000200
201,309,-0.000179
202,309,-0.000173
308,309,-0.000182
309,309,-0.001046
310,309,-0.000169
427,309,-0.000175
429,309,-0.000168
202,310,-0.000168
203,310,-0.000163
309,310,-0.000169
310,310,-0.000988
311,310,-0.000161
429,310,-0.000165
430,310,-0.000162
203,311,-0.000160
204,311,-0.000157
310,311,-0.000161
311,311,-0.000943
312,311,-0.000153
430,311,-0.000159
431,311,-0.000153
204,312,-0.000154
205,312,-0.000150
311,312,-0.000153
312,312,-0.000896
313,312,-0.000146
431,312,-0.000148
432,312,-0.000145
205,313,-0.000147
206,313,-0.000144
312,313,-0.000146
313,313,-0.000858
314,313,-0.000140
432,313,-0.000142
433,313,-0.000139
206,314,-0.000141
207,314,-0.000138
313,314,-0.000140
314,314,-0.000819
315,314,-0.000133
433,314,-0.000135
434,314,-0.000132
207,315,-0.000135
208,315,-0.000131
314,315,-0.000133
315,315,-0.000781
316,315,-0.000127
434,315,-0.000129
435,315,-0.000126
208,316,-0.000128
209,316,-0.000125
315,316,-0.000127
316,316,-0.000743
317,316,-0.000121
435,316,-0.000123
436,316,-0.000119
209,317,-0.000122
210,317,-0.000119
316,317,-0.000121
317,317,-0.000705
318,317,-0.000114
436,317,-0.000116
437,317,-0.000113
210,318,-0.000115
211,318,-0.000112
317,318,-0.000114
318,318,-0.000666
319,318,-0.000108
437,318,-0.000110
438,318,-0.000107
211,319,-0.000109
212,319,-0.000106
318,319,-0.000108
319,319,-0.000628
320,319,-0.000101
438,319,-0.000104
439,319,-0.000100
212,320,-0.000103
213,320,-0.000099
319,320,-0.000101
320,320,-0.000590
321,320,-0.000095
439,320,-0.000097
440,320,-0.000094
213,321,-0.000096
214,321,-0.000093
320,321,-0.000095
321,321,-0.000552
322,321,-0.000089
440,321,-0.000091
441,321,-0.000088
214,322,-0.000090
215,322,-0.000087
321,322,-0.000089
322,322,-0.000513
323,322,-0.000082
441,322,-0.000084
442,322,-0.000081
215,323,-0.000084
216,323,-0.000080
322,323,-0.000082
323,323,-0.000475
324,323,-0.000076
442,323,-0.000078
443,323,-0.000075
216,324,-0.000077
217,324,-0.000074
323,324,-0.000076
324,324,-0.000437
325,324,-0.000070
443,324,-0.000072
444,324,-0.000068
217,325,-0.000071
218,325,-0.000068
324,325,-0.000070
325,325,-0.000398
326,325,-0.000063
444,325,-0.000065
445,325,-0.000062
218,326,-0.000064
219,326,-0.000061
325,326,-0.000063
326,326,-0.000360
327,326,-0.000057
445,326,-0.000059
446,326,-0.000056
219,327,-0.000058
220,327,-0.000055
326,327,-0.000057
327,327,-0.000322
328,327,-0.000050
446,327,-0.000052
447,327,-0.000049
220,328,-0.000052
221,328,-0.000048
327,328,-0.000050
328,328,-0.000284
329,328,-0.000044
447,328,-0.000046
448,328,-0.000043
221,329,-0.000045
222,329,-0.000042
328,329,-0.000044
329,329,-0.000245
330,329,-0.000038
448,329,-0.000040
449,329,-0.000037
222,330,-0.000039
223,330,-0.000036
329,330,-0.000038
330,330,-0.000207
331,330,-0.000031
449,330,-0.000033
450,330,-0.000030
223,331,-0.000032
224,331,-0.000029
330,331,-0.000031
331,331,-0.000169
332,331,-0.000025
450,331,-0.000027
451,331,-0.000024
224,332,-0.000026
225,332,-0.000023
331,332,-0.000025
332,332,-0.000131
333,332,-0.000019
451,332,-0.000021
452,332,-0.000017
225,333,-0.000020
226,333,-0.000017
332,333,-0.000019
333,333,-0.000092
334,333,-0.000012
452,333,-0.000014
453,333,-0.000011
226,334,-0.000013
227,334,-0.000010
333,334,-0.000012
334,334,-0.000054
335,334,-0.000006
453,334,-0.000008
454,334,-0.000005
227,335,-0.000007
228,335,-0.000004
334,335,-0.000006
335,335,-0.000016
336,335,0.000001
454,335,-0.000001
455,335,0.000002
228,336,-0.000001
229,336,0.000003
335,336,0.000001
336,336,0.000024
337,336,0.000007
455,336,0.000005
456,336,0.000008
229,337,0.000006
230,337,0.000010
336,337,0.000007
337,337,0.000065
338,337,0.000015
456,337,0.000012
457,337,0.000016
230,338,0.000013
231,338,0.000017
337,338,0.000015
338,338,0.000114
364,338,0.000025
457,338,0.000019
458,338,0.000025
238,339,0.000066
239,339,0.000067
339,339,0.000399
340,339,0.000068
357,339,0.000068
459,339,0.000064
460,339,0.000064
239,340,0.000072
240,340,0.000074
339,340,0.000068
340,340,0.000420
341,340,0.000072
460,340,0.000066
461,340,0.000068
240,341,0.000076
241,341,0.000079
340,341,0.000072
341,341,0.000448
342,341,0.000077
461,341,0.000070
462,341,0.000073
241,342,0.000082
242,342,0.000085
341,342,0.000077
342,342,0.000481
343,342,0.000083
462,342,0.000076
463,342,0.000079
242,343,0.000088
243,343,0.000091
342,343,0.000083
343,343,0.000518
344,343,0.000089
463,343,0.000082
464,343,0.000085
243,344,0.000094
244,344,0.000097
343,344,0.000089
344,344,0.000556
345,344,0.000096
464,344,0.000088
465,344,0.000091
244,345,0.000100
245,345,0.000104
344,345,0.000096
345,345,0.000596
346,345,0.000103
465,345,0.000095
466,345,0.000098
245,346,0.000107
246,346,0.000110
345,346,0.000103
346,346,0.000635
347,346,0.000109
466,346,0.000101
467,346,0.000105
246,347,0.000114
247,347,0.000117
346,347,0.000109
347,347,0.000675
348,347,0.000116
467,347,0.000108
468,347,0.000111
247,348,0.000120
248,348,0.000124
347,348,0.000116
348,348,0.000715
349,348,0.000122
468,348,0.000115
469,348,0.000118
248,349,0.000127
249,349,0.000130
348,349,0.000122
349,349,0.000754
350,349,0.000129
469,349,0.000121
470,349,0.000125
249,350,0.000134
250,350,0.000137
349,350,0.000129
350,350,0.000794
351,350,0.000136
470,350,0.000128
471,350,0.000131
250,351,0.000140
251,351,0.000144
350,351,0.000136
351,351,0.000834
352,351,0.000143
471,351,0.000134
472,351,0.000138
251,352,0.000147
252,352,0.000150
351,352,0.000143
352,352,0.000877
353,352,0.000150
472,352,0.000142
473,352,0.000145
252,353,0.000154
253,353,0.000158
352,353,0.000150
353,353,0.000918
354,353,0.000157
473,353,0.000149
474,353,0.000152
253,354,0.000161
254,354,0.000166
353,354,0.000157
354,354,0.000964
355,354,0.000165
474,354,0.000156
475,354,0.000160
254,355,0.000170
255,355,0.000175
354,355,0.000165
355,355,0.001025
356,355,0.000176
475,355,0.000166
476,355,0.000172
255,356,0.000180
256,356,0.000187
257,356,0.000194
355,356,0.000176
356,356,0.001108
373,356,0.000190
476,356,0.000180
236,357,0.000054
237,357,0.000054
238,357,0.000062
339,357,0.000068
357,357,0.000417
370,357,0.000056
459,357,0.000064
483,357,0.000058
172,358,-0.000050
173,358,-0.000053
174,358,-0.000062
289,358,-0.000069
358,358,-0.000407
372,358,-0.000052
408,358,-0.000065
484,358,-0.000056
193,359,-0.000205
194,359,-0.000188
195,359,-0.000201
307,359,-0.000228
359,359,-0.001505
368,359,-0.000219
426,359,-0.000235
482,359,-0.000229
129,360,0.000188
130,360,0.000205
131,360,0.000201
257,360,0.000228
360,360,0.001505
365,360,0.000219
374,360,0.000235
481,360,0.000229
198,361,-0.000199
199,361,-0.000177
200,361,-0.000188
308,361,-0.000209
361,361,-0.001351
369,361,-0.000201
428,361,-0.000196
480,361,-0.000181
134,362,0.000199
135,362,0.000177
136,362,0.000188
258,362,0.000208
362,362,0.001351
371,362,0.000201
376,362,0.000196
479,362,0.000181
167,363,-0.000021
168,363,-0.000022
169,363,-0.000027
288,363,-0.000025
363,363,-0.000182
367,363,-0.000030
406,363,-0.000028
477,363,-0.000028
231,364,0.000020
232,364,0.000021
233,364,0.000028
338,364,0.000025
364,364,0.000183
366,364,0.000031
458,364,0.000029
478,364,0.000029
131,365,0.000185
132,365,0.000160
133,365,0.000172
360,365,0.000219
365,365,0.001112
371,365,0.000176
481,365,0.000199
233,366,0.000032
234,366,0.000032
364,366,0.000031
366,366,0.000194
370,366,0.000035
478,366,0.000030
483,366,0.000034
169,367,-0.000031
170,367,-0.000033
363,367,-0.000030
367,367,-0.000194
372,367,-0.000037
477,367,-0.000029
484,367,-0.000034
195,368,-0.000185
196,368,-0.000160
197,368,-0.000172
359,368,-0.000219
368,368,-0.001112
369,368,-0.000176
482,368,-0.000199
197,369,-0.000173
198,369,-0.000193
361,369,-0.000201
368,369,-0.000176
369,369,-0.001088
480,369,-0.000175
482,369,-0.000170
234,370,0.000032
235,370,0.000034
236,370,0.000046
357,370,0.000056
366,370,0.000035
370,370,0.000247
483,370,0.000046
133,371,0.000173
134,371,0.000192
362,371,0.000201
365,371,0.000176
371,371,0.001088
479,371,0.000175
481,371,0.000170
170,372,-0.000034
171,372,-0.000033
172,372,-0.000043
358,372,-0.000052
367,372,-0.000037
372,372,-0.000244
484,372,-0.000045
257,373,0.000198
356,373,0.000190
373,373,0.001144
